demo	1	1	2	300	1
demo	2	1	3	300	1
demo	3	1	4	300	1
demo	4	1	5	300	1
demo	5	1	10	300	1
demo	6	1	15	300	1
demo	7	1	20	300	1
demo	8	3	2	300	1
demo	9	3	3	300	1
demo	10	3	4	300	1
demo	11	3	5	300	1
demo	12	3	10	300	1
demo	13	3	15	300	1
demo	14	3	20	300	1
demo	15	10	2	300	1
demo	16	10	3	300	1
demo	17	10	4	300	1
demo	18	10	5	300	1
demo	19	10	10	300	1
demo	20	10	15	300	1
demo	21	10	20	300	1
demo	22	30	2	300	1
demo	23	30	3	300	1
demo	24	30	4	300	1
demo	25	30	5	300	1
demo	26	30	10	300	1
demo	27	30	15	300	1
demo	28	30	20	300	1
demo	29	60	2	300	1
demo	30	60	3	300	1
demo	31	60	4	300	1
demo	32	60	5	300	1
demo	33	60	10	300	1
demo	34	60	15	300	1
demo	35	60	20	300	1
demo	36	1	2	300	3
demo	37	1	3	300	3
demo	38	1	4	300	3
demo	39	1	5	300	3
demo	40	1	10	300	3
demo	41	1	15	300	3
demo	42	1	20	300	3
demo	43	3	2	300	3
demo	44	3	3	300	3
demo	45	3	4	300	3
demo	46	3	5	300	3
demo	47	3	10	300	3
demo	48	3	15	300	3
demo	49	3	20	300	3
demo	50	10	2	300	3
demo	51	10	3	300	3
demo	52	10	4	300	3
demo	53	10	5	300	3
demo	54	10	10	300	3
demo	55	10	15	300	3
demo	56	10	20	300	3
demo	57	30	2	300	3
demo	58	30	3	300	3
demo	59	30	4	300	3
demo	60	30	5	300	3
demo	61	30	10	300	3
demo	62	30	15	300	3
demo	63	30	20	300	3
demo	64	60	2	300	3
demo	65	60	3	300	3
demo	66	60	4	300	3
demo	67	60	5	300	3
demo	68	60	10	300	3
demo	69	60	15	300	3
demo	70	60	20	300	3
demo	71	1	2	300	10
demo	72	1	3	300	10
demo	73	1	4	300	10
demo	74	1	5	300	10
demo	75	1	10	300	10
demo	76	1	15	300	10
demo	77	1	20	300	10
demo	78	3	2	300	10
demo	79	3	3	300	10
demo	80	3	4	300	10
demo	81	3	5	300	10
demo	82	3	10	300	10
demo	83	3	15	300	10
demo	84	3	20	300	10
demo	85	10	2	300	10
demo	86	10	3	300	10
demo	87	10	4	300	10
demo	88	10	5	300	10
demo	89	10	10	300	10
demo	90	10	15	300	10
demo	91	10	20	300	10
demo	92	30	2	300	10
demo	93	30	3	300	10
demo	94	30	4	300	10
demo	95	30	5	300	10
demo	96	30	10	300	10
demo	97	30	15	300	10
demo	98	30	20	300	10
demo	99	60	2	300	10
demo	100	60	3	300	10
demo	101	60	4	300	10
demo	102	60	5	300	10
demo	103	60	10	300	10
demo	104	60	15	300	10
demo	105	60	20	300	10
demo	106	1	2	300	15
demo	107	1	3	300	15
demo	108	1	4	300	15
demo	109	1	5	300	15
demo	110	1	10	300	15
demo	111	1	15	300	15
demo	112	1	20	300	15
demo	113	3	2	300	15
demo	114	3	3	300	15
demo	115	3	4	300	15
demo	116	3	5	300	15
demo	117	3	10	300	15
demo	118	3	15	300	15
demo	119	3	20	300	15
demo	120	10	2	300	15
demo	121	10	3	300	15
demo	122	10	4	300	15
demo	123	10	5	300	15
demo	124	10	10	300	15
demo	125	10	15	300	15
demo	126	10	20	300	15
demo	127	30	2	300	15
demo	128	30	3	300	15
demo	129	30	4	300	15
demo	130	30	5	300	15
demo	131	30	10	300	15
demo	132	30	15	300	15
demo	133	30	20	300	15
demo	134	60	2	300	15
demo	135	60	3	300	15
demo	136	60	4	300	15
demo	137	60	5	300	15
demo	138	60	10	300	15
demo	139	60	15	300	15
demo	140	60	20	300	15
demo	141	1	2	300	20
demo	142	1	3	300	20
demo	143	1	4	300	20
demo	144	1	5	300	20
demo	145	1	10	300	20
demo	146	1	15	300	20
demo	147	1	20	300	20
demo	148	3	2	300	20
demo	149	3	3	300	20
demo	150	3	4	300	20
demo	151	3	5	300	20
demo	152	3	10	300	20
demo	153	3	15	300	20
demo	154	3	20	300	20
demo	155	10	2	300	20
demo	156	10	3	300	20
demo	157	10	4	300	20
demo	158	10	5	300	20
demo	159	10	10	300	20
demo	160	10	15	300	20
demo	161	10	20	300	20
demo	162	30	2	300	20
demo	163	30	3	300	20
demo	164	30	4	300	20
demo	165	30	5	300	20
demo	166	30	10	300	20
demo	167	30	15	300	20
demo	168	30	20	300	20
demo	169	60	2	300	20
demo	170	60	3	300	20
demo	171	60	4	300	20
demo	172	60	5	300	20
demo	173	60	10	300	20
demo	174	60	15	300	20
demo	175	60	20	300	20
demo	176	1	5	3600	1
demo	176	1	5	300	999999999
demo	177	3	5	300	999999999
demo	178	10	5	300	999999999
demo	179	30	5	300	999999999
demo	180	60	5	300	999999999
