181,1,2,300,-1
182,1,3,300,-1
183,1,4,300,-1
184,1,5,300,-1
185,1,10,300,-1
186,1,15,300,-1
187,1,20,300,-1
188,3,2,300,-1
189,3,3,300,-1
190,3,4,300,-1
191,3,5,300,-1
192,3,10,300,-1
193,3,15,300,-1
194,3,20,300,-1
195,10,2,300,-1
196,10,3,300,-1
197,10,4,300,-1
198,10,5,300,-1
199,10,10,300,-1
210,10,15,300,-1
211,10,20,300,-1
212,30,2,300,-1
213,30,3,300,-1
214,30,4,300,-1
215,30,5,300,-1
216,30,10,300,-1
217,30,15,300,-1
218,30,20,300,-1
219,60,2,300,-1
220,60,3,300,-1
221,60,4,300,-1
222,60,5,300,-1
223,60,10,300,-1
224,60,15,300,-1
225,60,20,300,-1
226,1,5,300,999999999
181,1,2,300,-1
182,1,3,300,-1
183,1,4,300,-1
184,1,5,300,-1
185,1,10,300,-1
186,1,15,300,-1
187,1,20,300,-1
188,3,2,300,-1
189,3,3,300,-1
190,3,4,300,-1
191,3,5,300,-1
192,3,10,300,-1
193,3,15,300,-1
194,3,20,300,-1
195,10,2,300,-1
196,10,3,300,-1
197,10,4,300,-1
198,10,5,300,-1
199,10,10,300,-1
210,10,15,300,-1
211,10,20,300,-1
212,30,2,300,-1
213,30,3,300,-1
214,30,4,300,-1
215,30,5,300,-1
216,30,10,300,-1
217,30,15,300,-1
218,30,20,300,-1
219,60,2,300,-1
220,60,3,300,-1
221,60,4,300,-1
222,60,5,300,-1
223,60,10,300,-1
224,60,15,300,-1
225,60,20,300,-1
226,1,5,300,999999999
